6283164642657
6283166283774
6283196790944
6283196790973
6283170281141
6283800879471
6283170281264
6283185011044
6283192273548
6283177563342
6283177562970
6283170281173
6283185011134
6283177563346
6283800879460
6283170281182
6283121972776
6283165011070
6283164642685
6283157962314
6283168404219
6283166283754
6283168402264
6283184375844
6283121972796
6283186860840
6283168402261
6283184376000
6283182331073
6283173261462
6283182331008
6283157725147
6283192273554
6283167031768
6283192273540
6283809818979
6283177563326
6283185011046
6283157725149
6283157725197
6283192273718
6283196790927
6283121973042
6283192273580
6283173261499
6283182331032
6283809287080
6283809287104
6283196790963
6283121973016
6283809287098
6283809287063
6238157725164
6283157725139
6283166283818
6283196790941
6283170281211
6283166283771
6283184375947
6283182331046
6283184375838
6283168402272
6283167031822
6283167031810
6283182331054
6283168402291
6283809819009
6283157725185
6283173261471
6283164642646
6283173261484
6283186860851
6283157962305
6283184375966
6283177562997
6283190716329
6283809818985
6283170281268
6283157962327
6283809818993
6283809287092
6283168402284
6283186806849
6283164642691
6283168402277
6283182331058
6283190716343
6283170281257
6283186860818
6283809818993
6283809287092
6283168402284
6283186806849
6283164642691
6283168402277
6283182331058
6283190716343
6283170281257
6283186860818
6283157962342
6283190716921
6283190716475
6283157962337
6283186860804
6283190716920
6283164642643
6283186860839
6283157725184
6283190716566
6283186860801
6283809818996